000011 633.00 31.00 3.00 125.23
000011 912.00 56.00 28.00 13.63
000011 912.00 56.00 28.00 13.63
000011 718.00 45.00 9.00 41.29
000011 509.00 13.00 7.00 48.70
000011 551.00 33.00 5.00 72.95
000011 754.00 36.00 10.00 37.67
000011 545.00 26.00 5.00 72.87
000011 738.00 130.00 10.00 38.08
000011 900.00 236.00 26.00 14.46
000011 723.00 44.00 9.00 40.31
000011 718.00 45.00 9.00 41.29
000011 644.00 48.00 3.00 109.19
000011 439.00 19.00 8.00 44.98
000011 294.00 147.00 18.00 20.89
000011 678.00 47.00 6.00 58.16
000011 680.00 89.00 7.00 51.75
000011 723.00 44.00 9.00 40.31
000011 611.00 205.00 15.00 25.50
000011 680.00 89.00 7.00 51.75
000011 833.00 45.00 21.00 18.10
000011 710.00 71.00 8.00 42.99
000011 797.00 92.00 17.00 21.69
000011 741.00 50.00 9.00 38.59
000011 725.00 53.00 9.00 40.09
000011 797.00 92.00 17.00 21.69
000011 733.00 134.00 10.00 37.90
000011 629.00 83.00 2.00 171.66
000011 209.00 154.00 18.00 20.89
000011 642.00 78.00 3.00 112.62
000011 532.00 255.00 26.00 14.69
000011 632.00 38.00 2.00 139.74
000011 434.00 18.00 8.00 45.77
000011 667.00 43.00 5.00 67.62
000011 847.00 237.00 22.00 16.73
000011 739.00 38.00 9.00 39.27
000011 830.00 196.00 22.00 17.02
000011 532.00 255.00 26.00 14.69
000011 815.00 38.00 19.00 19.92
000011 434.00 18.00 8.00 46.41
000011 658.00 26.00 5.00 72.62
000011 710.00 71.00 8.00 42.99
000011 833.00 54.00 21.00 18.13
000011 843.00 41.00 21.00 17.70
000011 723.00 27.00 9.00 39.68
000011 807.00 98.00 17.00 21.44
000011 658.00 26.00 5.00 72.62
000011 742.00 98.00 9.00 38.84
000011 633.00 125.00 2.00 136.77
000011 817.00 70.00 19.00 19.83
000011 644.00 48.00 3.00 109.19
000011 749.00 59.00 9.00 38.28
000011 722.00 96.00 9.00 41.13
000011 545.00 12.00 5.00 68.43
000011 497.00 295.00 38.00 9.90
000011 633.00 136.00 2.00 146.18
000011 853.00 51.00 22.00 17.18
000011 602.00 192.00 15.00 24.09
000011 817.00 70.00 19.00 19.83
000011 795.00 31.00 17.00 22.03
000011 761.00 47.00 10.00 37.59
000011 79.00 154.00 15.00 24.97
000011 728.00 54.00 9.00 40.23
000011 71.00 156.00 15.00 25.36
000011 301.00 148.00 18.00 20.32
000011 801.00 69.00 18.00 20.67
000011 907.00 244.00 27.00 13.95
000011 761.00 35.00 10.00 37.63
000011 683.00 93.00 7.00 51.92
000011 764.00 241.00 23.00 16.10
000011 682.00 43.00 6.00 55.23
000011 726.00 99.00 9.00 40.52
000011 311.00 149.00 18.00 20.17
000011 636.00 25.00 3.00 109.20
000011 750.00 51.00 9.00 38.97
000011 742.00 98.00 9.00 38.84
000011 428.00 5.00 8.00 47.56
000011 738.00 61.00 9.00 38.75
000011 644.00 105.00 3.00 109.24
000011 301.00 148.00 18.00 20.32
000011 838.00 59.00 21.00 18.02
000011 664.00 216.00 31.00 11.98
000011 639.00 70.00 3.00 119.51
000011 728.00 54.00 9.00 40.23
000011 764.00 56.00 10.00 37.27
000011 711.00 49.00 9.00 41.22
000011 322.00 228.00 30.00 12.44
000011 812.00 46.00 19.00 19.72
000011 725.00 64.00 9.00 38.59
000011 805.00 54.00 18.00 20.83
000011 636.00 25.00 3.00 109.20
000011 785.00 194.00 18.00 20.50
000011 715.00 127.00 9.00 39.60
000011 683.00 85.00 7.00 53.77
000011 738.00 130.00 10.00 38.08
000011 650.00 45.00 3.00 110.39
000011 598.00 206.00 15.00 23.99
000011 764.00 241.00 23.00 16.10
000011 843.00 41.00 21.00 17.70
000011 634.00 66.00 2.00 134.00
000011 229.00 303.00 41.00 9.20
000011 627.00 151.00 2.00 142.98
000011 668.00 251.00 30.00 12.60
000011 828.00 29.00 20.00 18.80
000011 844.00 60.00 22.00 16.88
000011 237.00 303.00 41.00 9.24
000011 627.00 151.00 2.00 142.98
000011 713.00 137.00 9.00 40.78
000011 764.00 56.00 10.00 37.27
000011 646.00 45.00 3.00 102.99
000011 438.00 118.00 15.00 24.83
000011 828.00 193.00 23.00 16.44
000011 727.00 156.00 9.00 42.00
000011 178.00 182.00 7.00 49.63
000011 670.00 54.00 5.00 66.01
000011 605.00 193.00 15.00 23.96
000011 737.00 50.00 9.00 40.47
000011 716.00 142.00 9.00 42.07
000011 175.00 188.00 6.00 61.80
000011 854.00 25.00 22.00 16.99
000011 765.00 43.00 10.00 38.14
000011 752.00 46.00 9.00 38.73
000011 458.00 202.00 17.00 22.19
000011 646.00 127.00 3.00 102.48
000011 634.00 66.00 2.00 134.00
000011 738.00 61.00 9.00 38.75
000011 766.00 49.00 10.00 37.80
000011 755.00 47.00 9.00 38.85
000011 728.00 42.00 9.00 40.38
000011 440.00 120.00 15.00 24.35
000011 591.00 188.00 15.00 24.35
000011 178.00 182.00 7.00 49.63
000011 672.00 42.00 6.00 62.57
000011 636.00 73.00 2.00 141.97
000011 716.00 132.00 9.00 38.81
000011 740.00 136.00 10.00 37.17
000011 223.00 293.00 38.00 9.83
000011 645.00 92.00 3.00 108.64
000011 695.00 249.00 31.00 12.05
000011 695.00 249.00 31.00 12.05
000011 828.00 61.00 20.00 18.46
000011 444.00 130.00 15.00 25.10
000011 788.00 246.00 22.00 17.29
000011 312.00 277.00 33.00 11.40
000011 650.00 118.00 4.00 93.64
000011 796.00 50.00 17.00 22.05
000011 796.00 50.00 17.00 22.05
000011 813.00 55.00 19.00 19.67
000011 79.00 132.00 8.00 47.36
000011 750.00 97.00 9.00 39.92
000011 776.00 173.00 18.00 20.91
000011 306.00 275.00 34.00 11.19
000011 731.00 127.00 10.00 38.24
000011 764.00 56.00 10.00 37.27
000011 613.00 180.00 3.00 104.60
000011 637.00 144.00 2.00 132.97
000011 419.00 17.00 8.00 46.78
000011 308.00 278.00 33.00 11.36
000011 316.00 148.00 18.00 20.52
000011 1106.00 290.00 120.00 3.17
000011 326.00 277.00 33.00 11.36
000011 781.00 204.00 18.00 20.68
000011 801.00 223.00 18.00 21.12
000011 512.00 209.00 13.00 28.33
000011 643.00 127.00 3.00 112.36
000011 712.00 145.00 8.00 42.82
000011 841.00 220.00 20.00 18.33
000011 766.00 38.00 10.00 36.34
000011 799.00 217.00 16.00 22.68
000011 441.00 27.00 8.00 45.65
000011 311.00 288.00 36.00 10.35
000011 565.00 206.00 13.00 28.28
000011 603.00 188.00 15.00 24.06
000011 894.00 14.00 30.00 12.70
000011 1106.00 290.00 120.00 3.17
000011 715.00 127.00 9.00 39.60
000011 261.00 147.00 21.00 17.59
000011 606.00 216.00 15.00 25.27
000011 173.00 243.00 46.00 8.22
000011 432.00 146.00 14.00 26.16
000011 442.00 17.00 8.00 45.80
000011 190.00 151.00 17.00 21.33
000011 150.00 141.00 14.00 25.55
000011 71.00 157.00 15.00 25.02
000011 1219.00 300.00 125.00 3.04
000011 216.00 152.00 18.00 20.86
000011 794.00 215.00 16.00 22.84
000011 86.00 157.00 17.00 22.49
000011 309.00 265.00 31.00 11.97
000011 339.00 191.00 23.00 16.15
000011 226.00 277.00 38.00 9.82
000011 785.00 60.00 15.00 24.78
000011 753.00 184.00 15.00 24.09
000011 266.00 220.00 24.00 15.45
000011 354.00 260.00 28.00 13.34
000011 307.00 271.00 31.00 12.33
000011 629.00 136.00 3.00 113.97
000011 1106.00 290.00 120.00 3.17
000011 734.00 42.00 9.00 38.47
000011 233.00 229.00 25.00 14.97
000011 300.00 265.00 33.00 11.39
000011 305.00 265.00 34.00 11.12
000011 200.00 150.00 18.00 21.16
000011 659.00 148.00 4.00 83.90
000011 190.00 220.00 23.00 16.34
000011 217.00 232.00 28.00 13.35
000011 637.00 153.00 5.00 70.12
000011 150.00 220.00 76.00 4.98
000011 731.00 51.00 9.00 39.81
000011 169.00 192.00 6.00 61.96
000011 49.00 249.00 32.00 11.93
000011 264.00 280.00 34.00 11.10
000011 233.00 229.00 25.00 14.97
000011 417.00 13.00 7.00 47.87
000011 496.00 196.00 12.00 30.80
000011 802.00 212.00 17.00 22.32
000011 123.00 311.00 49.00 7.76
000011 716.00 132.00 9.00 38.81
000011 238.00 201.00 33.00 11.51
000012 662.00 17.00 1.00 368.26
000012 836.00 15.00 9.00 42.35
000012 548.00 15.00 5.00 70.97
000012 551.00 38.00 5.00 67.21
000012 866.00 64.00 10.00 35.04
000012 573.00 50.00 5.00 76.53
000012 573.00 50.00 5.00 76.53
000012 545.00 7.00 5.00 68.87
000012 1120.00 75.00 35.00 10.98
000012 556.00 38.00 5.00 67.47
000012 620.00 187.00 6.00 63.71
000012 839.00 25.00 8.00 42.75
000012 839.00 83.00 9.00 41.73
000012 866.00 52.00 11.00 34.90
000012 545.00 15.00 5.00 71.79
000012 681.00 189.00 5.00 66.76
000012 654.00 47.00 0.00 409.81
000012 640.00 162.00 5.00 64.71
000012 545.00 7.00 5.00 68.87
000012 556.00 38.00 5.00 67.47
000012 554.00 35.00 5.00 68.05
000012 839.00 83.00 9.00 41.73
000012 1104.00 117.00 28.00 13.44
000012 981.00 120.00 19.00 19.48
000012 558.00 57.00 5.00 71.23
000012 844.00 71.00 9.00 40.66
000012 541.00 22.00 5.00 74.29
000012 819.00 138.00 9.00 40.25
000012 1108.00 143.00 28.00 13.36
000012 658.00 41.00 1.00 356.92
000012 662.00 27.00 0.00 396.17
000012 853.00 78.00 10.00 38.21
000012 1041.00 72.00 24.00 15.93
000012 664.00 45.00 1.00 348.22
000012 701.00 89.00 3.00 124.30
000012 811.00 140.00 8.00 42.91
000012 1105.00 125.00 29.00 13.22
000012 627.00 56.00 3.00 97.13
000012 845.00 83.00 9.00 40.64
000012 1062.00 228.00 28.00 13.61
000012 866.00 77.00 10.00 36.04
000012 612.00 137.00 5.00 72.70
000012 893.00 247.00 26.00 14.59
000012 565.00 63.00 5.00 72.79
000012 655.00 51.00 1.00 361.72
000012 845.00 100.00 9.00 40.90
000012 897.00 37.00 13.00 28.60
000012 674.00 55.00 1.00 351.03
000012 1049.00 220.00 27.00 14.05
000012 846.00 12.00 9.00 41.64
000012 554.00 35.00 5.00 68.05
000012 934.00 152.00 16.00 23.14
000012 845.00 83.00 9.00 40.64
000012 995.00 61.00 20.00 18.44
000012 829.00 10.00 8.00 42.77
000012 864.00 58.00 11.00 34.81
000012 815.00 49.00 7.00 52.01
000012 712.00 107.00 2.00 171.66
000012 1017.00 91.00 26.00 14.24
000012 934.00 159.00 17.00 22.60
000012 705.00 76.00 2.00 137.48
000012 908.00 163.00 14.00 26.84
000012 832.00 134.00 10.00 35.21
000012 558.00 43.00 5.00 73.28
000012 1031.00 64.00 23.00 16.30
000012 881.00 95.00 11.00 32.74
000012 1048.00 214.00 27.00 14.02
000012 658.00 26.00 0.00 535.82
000012 644.00 169.00 5.00 65.46
000012 1029.00 61.00 23.00 16.42
000012 962.00 4.00 18.00 21.24
000012 747.00 103.00 2.00 173.62
000012 1029.00 61.00 23.00 16.42
000012 855.00 116.00 10.00 35.67
000012 832.00 76.00 9.00 42.25
000012 908.00 163.00 3.00 100.88
000012 852.00 19.00 9.00 39.79
000012 1030.00 99.00 27.00 14.10
000012 742.00 98.00 2.00 140.09
000012 1126.00 243.00 33.00 11.41
000012 833.00 79.00 8.00 46.07
000012 591.00 187.00 6.00 58.69
000012 740.00 19.00 11.00 32.60
000012 882.00 247.00 25.00 14.84
000012 674.00 55.00 1.00 351.03
000012 850.00 74.00 9.00 39.55
000012 627.00 56.00 3.00 97.13
000012 904.00 167.00 14.00 26.55
000012 674.00 50.00 1.00 349.67
000012 993.00 153.00 20.00 19.14
000012 908.00 163.00 14.00 26.84
000012 891.00 167.00 12.00 30.01
000012 1021.00 254.00 30.00 12.77
000012 859.00 68.00 10.00 35.88
000012 1049.00 220.00 27.00 14.05
000012 934.00 171.00 16.00 22.95
000012 845.00 41.00 9.00 40.98
000012 801.00 82.00 4.00 77.02
000012 996.00 183.00 20.00 18.64
000012 908.00 257.00 28.00 13.29
000012 805.00 166.00 22.00 16.75
000012 1075.00 240.00 29.00 13.16
000012 1020.00 94.00 26.00 14.34
000012 988.00 86.00 20.00 18.51
000012 904.00 167.00 14.00 26.55
000012 1041.00 254.00 30.00 12.58
000012 658.00 22.00 0.00 492.57
000012 1025.00 74.00 23.00 16.70
000012 718.00 88.00 3.00 110.03
000012 947.00 62.00 16.00 22.65
000012 1128.00 216.00 34.00 11.11
000012 950.00 148.00 17.00 21.71
000012 1023.00 258.00 31.00 12.36
000012 650.00 238.00 21.00 18.27
000012 807.00 63.00 5.00 64.46
000012 801.00 203.00 22.00 17.13
000012 947.00 62.00 16.00 22.65
000012 904.00 167.00 14.00 26.55
000012 862.00 73.00 10.00 36.35
000012 1001.00 190.00 20.00 18.50
000012 826.00 90.00 8.00 47.30
000012 908.00 170.00 14.00 26.92
000012 915.00 166.00 15.00 24.64
000012 1125.00 222.00 34.00 11.20
000012 862.00 3.00 10.00 36.86
000012 671.00 88.00 3.00 116.17
000012 797.00 97.00 5.00 74.06
000012 915.00 166.00 15.00 24.64
000012 794.00 66.00 4.00 80.80
000012 896.00 173.00 13.00 29.06
000012 1026.00 59.00 23.00 16.65
000012 787.00 94.00 5.00 71.72
000012 774.00 221.00 19.00 19.73
000012 853.00 12.00 10.00 38.43
000012 792.00 202.00 22.00 17.09
000012 968.00 237.00 39.00 9.81
000012 613.00 187.00 6.00 60.67
000012 713.00 193.00 10.00 36.63
000012 845.00 20.00 9.00 40.83
000012 862.00 3.00 10.00 36.86
000012 713.00 199.00 10.00 35.90
000012 1059.00 39.00 25.00 14.94
000012 958.00 18.00 17.00 21.75
000012 1065.00 17.00 26.00 14.54
000012 853.00 12.00 10.00 38.43
000012 811.00 36.00 7.00 51.51
000012 645.00 57.00 2.00 190.63
000012 658.00 22.00 0.00 492.57
000012 797.00 36.00 4.00 85.56
000012 1040.00 238.00 25.00 14.79
000012 922.00 166.00 26.00 14.70
000012 915.00 166.00 15.00 24.64
000012 764.00 210.00 18.00 21.11
000012 890.00 117.00 15.00 25.12
000012 969.00 92.00 18.00 20.24
000012 1130.00 222.00 34.00 11.10
000012 713.00 86.00 2.00 131.83
000012 802.00 163.00 22.00 17.16
000012 792.00 100.00 4.00 84.58
000012 742.00 102.00 2.00 160.80
000012 1045.00 73.00 25.00 15.29
000012 654.00 42.00 0.00 657.64
000012 1180.00 157.00 33.00 11.40
000012 652.00 55.00 1.00 317.34
000012 909.00 72.00 14.00 27.17
000012 1075.00 240.00 29.00 13.16
000012 699.00 218.00 15.00 24.08
000012 775.00 205.00 18.00 20.55
000012 811.00 184.00 22.00 16.77
000012 949.00 270.00 33.00 11.52
000012 772.00 189.00 18.00 21.24
000012 715.00 80.00 3.00 125.86
000012 909.00 72.00 14.00 27.17
000012 836.00 237.00 22.00 17.34
000012 682.00 69.00 3.00 125.30
000012 998.00 197.00 21.00 18.15
000012 846.00 241.00 25.00 14.96
000012 974.00 231.00 40.00 9.55
000012 903.00 186.00 14.00 26.65
000012 772.00 189.00 18.00 21.24
000012 807.00 192.00 22.00 17.03
000012 300.00 23.00 8.00 46.23
000012 955.00 246.00 36.00 10.59
000012 805.00 46.00 6.00 59.94
000012 896.00 185.00 14.00 27.28
000012 972.00 150.00 18.00 20.36
000012 1029.00 75.00 23.00 16.57
000012 911.00 166.00 14.00 26.33
000012 918.00 181.00 14.00 25.68
000012 1058.00 238.00 27.00 13.88
000012 984.00 172.00 20.00 19.02
000012 836.00 132.00 10.00 35.24
000012 802.00 163.00 22.00 17.16
000012 935.00 165.00 52.00 7.28
000012 710.00 197.00 11.00 34.63
000012 293.00 24.00 9.00 40.24
000012 834.00 89.00 8.00 45.10
000012 941.00 156.00 16.00 22.90
000012 845.00 83.00 9.00 40.64
000012 1041.00 58.00 24.00 15.69
000012 723.00 94.00 3.00 115.64
000012 1044.00 209.00 26.00 14.48
000012 944.00 250.00 34.00 11.05
000012 544.00 25.00 5.00 76.56
000012 1055.00 239.00 27.00 13.80
000012 908.00 170.00 14.00 26.92
000012 774.00 165.00 18.00 20.60
000012 886.00 123.00 13.00 27.87
000012 935.00 165.00 16.00 23.70
000012 1025.00 81.00 26.00 14.43
000012 1066.00 240.00 28.00 13.70
000012 703.00 220.00 16.00 23.30
000012 872.00 46.00 10.00 35.82
000012 932.00 165.00 16.00 23.68
000012 987.00 156.00 19.00 19.48
000012 931.00 39.00 15.00 24.20
000012 544.00 25.00 5.00 76.56
000012 941.00 176.00 16.00 22.62
000012 785.00 175.00 19.00 20.10
000012 840.00 233.00 21.00 17.97
000012 981.00 157.00 19.00 19.23
000012 911.00 185.00 14.00 26.40
000012 726.00 199.00 11.00 32.81
000012 796.00 162.00 22.00 17.45
000012 785.00 175.00 19.00 20.10
000012 928.00 157.00 16.00 23.78
000012 287.00 19.00 7.00 50.24
000012 797.00 97.00 5.00 74.06
000012 805.00 221.00 22.00 16.95
000012 931.00 207.00 26.00 14.38
000012 834.00 31.00 8.00 46.54
000012 768.00 190.00 18.00 21.20
000012 795.00 91.00 4.00 83.96
000012 919.00 166.00 3.00 111.76
000012 922.00 247.00 27.00 14.03
000012 744.00 152.00 10.00 36.84
000012 873.00 257.00 29.00 13.11
000012 808.00 146.00 9.00 39.08
000012 710.00 228.00 18.00 20.40
000012 302.00 9.00 8.00 45.52
000012 824.00 33.00 7.00 50.63
000012 814.00 31.00 7.00 52.91
000012 717.00 199.00 9.00 39.74
000012 677.00 158.00 4.00 83.02
000012 979.00 228.00 39.00 9.78
000012 766.00 195.00 16.00 22.74
000012 891.00 205.00 24.00 15.61
000012 744.00 152.00 10.00 36.84
000012 908.00 37.00 14.00 26.88
000012 1004.00 261.00 39.00 9.76
000012 800.00 198.00 21.00 17.69
000012 947.00 159.00 16.00 22.80
000012 801.00 182.00 22.00 17.36
000012 852.00 237.00 25.00 14.91
000012 799.00 234.00 21.00 17.95
000012 1176.00 199.00 37.00 10.21
000012 803.00 177.00 22.00 16.95
000012 917.00 202.00 100.00 3.82
000012 959.00 270.00 204.00 1.88
000013 679.00 44.00 7.00 50.93
000013 726.00 261.00 43.00 8.71
000013 513.00 179.00 11.00 32.07
000013 670.00 54.00 7.00 49.88
000013 799.00 272.00 38.00 9.92
000013 664.00 234.00 44.00 8.61
000013 505.00 180.00 11.00 31.69
000013 692.00 42.00 7.00 49.54
000013 690.00 36.00 7.00 49.64
000013 799.00 272.00 38.00 9.92
000013 1106.00 289.00 44.00 8.49
000013 546.00 177.00 11.00 31.68
000013 708.00 285.00 43.00 8.77
000013 859.00 266.00 39.00 9.51
000013 805.00 333.00 55.00 6.87
000013 487.00 181.00 11.00 32.50
000013 654.00 86.00 6.00 54.46
000013 726.00 261.00 43.00 8.71
000013 840.00 178.00 38.00 9.79
000013 493.00 182.00 12.00 31.25
000013 626.00 82.00 8.00 43.90
000013 597.00 354.00 60.00 6.23
000013 656.00 69.00 7.00 49.13
000013 679.00 53.00 7.00 48.37
000013 709.00 34.00 7.00 50.29
000013 667.00 50.00 7.00 50.13
000013 1151.00 298.00 47.00 8.03
000013 859.00 266.00 39.00 9.51
000013 839.00 187.00 38.00 9.75
000013 817.00 264.00 37.00 10.04
000013 688.00 46.00 7.00 48.53
000013 1067.00 282.00 42.00 8.99
000013 664.00 234.00 44.00 8.61
000013 729.00 254.00 43.00 8.68
000013 668.00 297.00 44.00 8.43
000013 673.00 255.00 44.00 8.48
000013 495.00 360.00 63.00 5.95
000013 621.00 298.00 45.00 8.33
000013 736.00 291.00 44.00 8.60
000013 601.00 314.00 49.00 7.59
000013 769.00 8.00 9.00 41.45
000013 447.00 274.00 40.00 9.46
000013 627.00 91.00 8.00 43.12
000013 673.00 68.00 7.00 48.85
000013 723.00 232.00 43.00 8.66
000013 692.00 42.00 7.00 49.54
000013 737.00 196.00 44.00 8.53
000013 650.00 165.00 44.00 8.54
000013 1007.00 135.00 18.00 20.98
000013 726.00 275.00 43.00 8.77
000013 664.00 59.00 7.00 47.45
000013 729.00 155.00 44.00 8.54
000013 839.00 187.00 38.00 9.75
000013 714.00 36.00 7.00 48.93
000013 284.00 293.00 46.00 8.14
000013 695.00 45.00 7.00 49.75
000013 661.00 68.00 7.00 51.29
000013 670.00 50.00 7.00 49.51
000013 621.00 298.00 45.00 8.33
000013 692.00 39.00 7.00 49.33
000013 643.00 280.00 41.00 9.13
000013 114.00 145.00 69.00 5.44
000013 706.00 60.00 7.00 50.58
000013 1215.00 357.00 83.00 4.52
000013 771.00 3.00 9.00 41.46
000013 808.00 252.00 37.00 10.00
000013 688.00 43.00 7.00 48.67
000013 665.00 311.00 48.00 7.81
000013 676.00 227.00 45.00 8.41
000013 640.00 102.00 7.00 50.05
000013 323.00 105.00 42.00 8.99
000013 387.00 288.00 44.00 8.58
000013 682.00 170.00 43.00 8.63
000013 702.00 222.00 44.00 8.53
000013 447.00 274.00 40.00 9.46
000013 647.00 278.00 41.00 9.15
000013 497.00 321.00 52.00 7.22
000013 717.00 64.00 7.00 50.88
000013 722.00 280.00 43.00 8.81
000013 956.00 132.00 16.00 23.53
000013 725.00 73.00 7.00 48.84
000013 689.00 33.00 7.00 49.62
000013 777.00 22.00 9.00 40.23
000013 395.00 290.00 44.00 8.60
000013 321.00 158.00 17.00 21.95
000013 738.00 287.00 43.00 8.63
000013 675.00 161.00 43.00 8.66
000013 667.00 83.00 7.00 52.62
000013 771.00 20.00 9.00 41.68
000013 735.00 183.00 44.00 8.55
000013 679.00 166.00 43.00 8.74
000013 630.00 313.00 49.00 7.64
000013 948.00 133.00 14.00 26.93
000013 811.00 259.00 37.00 10.09
000013 667.00 165.00 44.00 8.48
000013 658.00 196.00 44.00 8.47
000013 738.00 287.00 43.00 8.63
000013 1087.00 135.00 16.00 22.81
000013 723.00 232.00 43.00 8.66
000013 318.00 155.00 17.00 21.86
000013 702.00 222.00 44.00 8.53
000013 666.00 74.00 7.00 51.31
000013 726.00 275.00 43.00 8.77
000013 1161.00 132.00 36.00 10.27
000013 732.00 275.00 43.00 8.71
000013 713.00 284.00 43.00 8.74
000013 632.00 107.00 8.00 45.73
000013 365.00 285.00 43.00 8.65
000013 321.00 158.00 17.00 21.95
000013 732.00 275.00 43.00 8.71
000013 334.00 280.00 41.00 9.18
000013 571.00 175.00 11.00 34.36
000013 658.00 272.00 43.00 8.76
000013 658.00 272.00 43.00 8.76
000013 711.00 30.00 7.00 49.79
000013 710.00 47.00 7.00 49.67
000013 237.00 266.00 80.00 4.71
000013 671.00 227.00 43.00 8.61
000013 771.00 3.00 9.00 41.46
000013 360.00 285.00 42.00 8.86
000013 710.00 47.00 7.00 49.67
000013 563.00 312.00 49.00 7.63
000013 647.00 278.00 41.00 9.15
000013 773.00 12.00 9.00 41.53
000013 743.00 180.00 43.00 8.70
000013 647.00 304.00 46.00 8.18
000013 693.00 32.00 7.00 49.46
000013 837.00 16.00 9.00 39.50
000013 844.00 269.00 39.00 9.66
000013 320.00 111.00 42.00 8.91
000013 610.00 289.00 43.00 8.70
000013 1127.00 74.00 17.00 21.70
000013 674.00 50.00 7.00 48.35
000013 777.00 22.00 9.00 40.23
000013 671.00 159.00 44.00 8.59
000013 351.00 280.00 43.00 8.75
000013 738.00 190.00 44.00 8.51
000013 713.00 59.00 7.00 50.80
000013 681.00 74.00 7.00 47.69
000013 429.00 271.00 39.00 9.48
000013 479.00 363.00 64.00 5.86
000013 673.00 251.00 44.00 8.54
000013 318.00 169.00 17.00 21.70
000013 702.00 289.00 43.00 8.72
000013 793.00 27.00 9.00 41.98
000013 982.00 100.00 10.00 36.79
000013 984.00 136.00 18.00 20.41
000013 672.00 71.00 7.00 48.70
000013 648.00 264.00 42.00 9.01
000013 282.00 81.00 43.00 8.80
000013 340.00 153.00 18.00 20.90
000013 781.00 25.00 8.00 42.82
000013 469.00 63.00 18.00 20.89
000013 965.00 136.00 17.00 21.53
000013 433.00 269.00 39.00 9.70
000013 285.00 3.00 47.00 8.01
000013 662.00 62.00 7.00 48.00
000013 778.00 42.00 8.00 44.41
000013 748.00 285.00 42.00 8.95
000013 365.00 164.00 14.00 26.18
000013 1000.00 135.00 18.00 20.65
000013 455.00 209.00 32.00 11.69
000013 809.00 270.00 38.00 9.72
000013 269.00 23.00 48.00 7.77
000013 401.00 277.00 44.00 8.47
000013 774.00 36.00 8.00 46.60
000013 709.00 34.00 7.00 50.29
000013 325.00 109.00 42.00 9.00
000013 798.00 129.00 4.00 92.77
000013 458.00 268.00 39.00 9.56
000013 668.00 136.00 44.00 8.57
000013 541.00 55.00 20.00 18.30
000013 419.00 271.00 39.00 9.57
000013 777.00 11.00 9.00 40.16
000013 784.00 43.00 8.00 42.93
000013 690.00 48.00 7.00 49.14
000013 316.00 110.00 42.00 8.81
000013 217.00 115.00 78.00 4.83
000013 719.00 43.00 7.00 49.29
000013 373.00 268.00 42.00 8.89
000013 253.00 178.00 14.00 25.39
000013 358.00 282.00 41.00 9.03
000013 453.00 267.00 39.00 9.53
000013 715.00 286.00 42.00 8.81
000013 370.00 285.00 43.00 8.79
000013 340.00 280.00 41.00 9.17
000013 667.00 67.00 7.00 49.43
000013 719.00 43.00 7.00 49.29
000013 718.00 68.00 7.00 47.39
000013 317.00 105.00 42.00 8.91
000013 455.00 209.00 32.00 11.69
000013 424.00 260.00 39.00 9.56
000013 428.00 36.00 28.00 13.45
000013 424.00 183.00 12.00 29.67
000013 282.00 47.00 41.00 9.04
000013 310.00 159.00 17.00 21.55
000013 411.00 278.00 40.00 9.28
000013 259.00 175.00 13.00 29.05
000013 737.00 205.00 44.00 8.56
000013 738.00 222.00 43.00 8.68
000013 451.00 181.00 11.00 33.94
000013 273.00 294.00 46.00 8.20
000013 310.00 156.00 17.00 22.04
000013 433.00 185.00 31.00 12.14
000013 428.00 255.00 39.00 9.48
000013 464.00 260.00 37.00 10.00
000013 369.00 276.00 43.00 8.80
000013 435.00 226.00 35.00 10.75
000013 326.00 279.00 41.00 9.17
000013 286.00 187.00 37.00 10.17
000013 463.00 225.00 35.00 10.79
000013 320.00 285.00 45.00 8.38
000013 451.00 219.00 36.00 10.51
000013 249.00 169.00 13.00 27.29
000013 244.00 163.00 12.00 30.76
000013 296.00 277.00 46.00 8.22
000013 285.00 253.00 46.00 8.12
000013 374.00 277.00 43.00 8.72
000013 428.00 255.00 39.00 9.48
000013 322.00 94.00 42.00 9.01
000013 258.00 171.00 12.00 31.53
000013 329.00 214.00 42.00 8.88
000013 274.00 245.00 46.00 8.17
000014 357.00 217.00 20.00 18.51
000014 343.00 227.00 19.00 18.95
000014 349.00 232.00 20.00 18.40
000014 310.00 214.00 22.00 17.21
000014 378.00 218.00 19.00 19.10
000014 374.00 230.00 19.00 18.98
000014 873.00 40.00 36.00 10.30
000014 156.00 313.00 44.00 8.49
000014 693.00 176.00 11.00 32.02
000014 477.00 101.00 17.00 21.22
000014 477.00 101.00 17.00 21.22
000014 391.00 226.00 19.00 19.68
000014 1161.00 295.00 65.00 5.82
000014 1171.00 303.00 64.00 5.83
000014 604.00 102.00 8.00 47.01
000014 873.00 40.00 36.00 10.30
000014 1161.00 295.00 65.00 5.82
000014 1168.00 295.00 65.00 5.82
000014 693.00 187.00 11.00 31.60
000014 762.00 300.00 42.00 8.91
000014 1158.00 314.00 65.00 5.83
000014 638.00 118.00 8.00 44.41
000014 949.00 267.00 36.00 10.26
000014 38.00 98.00 18.00 20.91
000014 692.00 191.00 12.00 31.38
000014 1173.00 309.00 65.00 5.81
000014 612.00 41.00 8.00 46.90
000014 343.00 172.00 20.00 18.18
000014 95.00 330.00 50.00 7.49
000014 1161.00 332.00 65.00 5.78
000014 669.00 318.00 46.00 8.08
000014 349.00 165.00 21.00 18.00
000014 633.00 114.00 8.00 45.74
000014 344.00 165.00 21.00 17.98
000014 385.00 224.00 20.00 18.65
000014 477.00 101.00 17.00 21.22
000014 867.00 52.00 36.00 10.39
000014 411.00 124.00 19.00 19.19
000014 67.00 90.00 18.00 20.50
000014 65.00 129.00 18.00 20.36
000014 161.00 304.00 43.00 8.70
000014 116.00 104.00 17.00 21.95
000014 693.00 172.00 12.00 31.38
000014 1155.00 292.00 65.00 5.81
000014 688.00 193.00 12.00 31.24
000014 677.00 316.00 47.00 8.01
000014 333.00 108.00 21.00 18.01
000014 94.00 49.00 15.00 24.02
000014 251.00 132.00 22.00 16.97
000014 548.00 206.00 12.00 30.28
000014 623.00 225.00 17.00 22.18
000014 677.00 316.00 47.00 8.01
000014 612.00 33.00 7.00 47.43
000014 573.00 176.00 11.00 32.91
000014 1163.00 320.00 65.00 5.78
000014 693.00 183.00 12.00 31.37
000014 402.00 214.00 19.00 19.27
000014 1155.00 305.00 65.00 5.83
000014 96.00 190.00 51.00 7.34
000014 844.00 285.00 39.00 9.52
000014 358.00 164.00 21.00 17.97
000014 68.00 134.00 18.00 20.55
000014 348.00 167.00 20.00 18.13
000014 406.00 130.00 20.00 18.62
000014 208.00 264.00 28.00 13.11
000014 57.00 92.00 18.00 20.95
000014 50.00 104.00 18.00 20.58
000014 943.00 124.00 32.00 11.61
000014 660.00 222.00 17.00 22.05
000014 665.00 241.00 23.00 16.12
000014 683.00 318.00 47.00 7.99
000014 91.00 54.00 15.00 24.09
000014 961.00 87.00 34.00 10.90
000014 695.00 167.00 12.00 31.25
000014 695.00 167.00 12.00 31.25
000014 373.00 194.00 19.00 19.12
000014 254.00 219.00 15.00 25.13
000014 294.00 178.00 22.00 16.76
000014 332.00 141.00 21.00 17.56
000014 336.00 189.00 21.00 17.54
000014 604.00 293.00 39.00 9.58
000014 888.00 292.00 42.00 8.86
000014 628.00 202.00 10.00 36.32
000014 477.00 120.00 17.00 21.33
000014 168.00 308.00 43.00 8.80
000014 89.00 44.00 16.00 23.47
000014 558.00 198.00 11.00 32.21
000014 348.00 167.00 20.00 18.13
000014 260.00 200.00 21.00 17.44
000014 692.00 200.00 12.00 31.22
000014 83.00 54.00 16.00 22.52
000014 510.00 183.00 7.00 48.08
000014 959.00 95.00 33.00 11.17
000014 779.00 14.00 32.00 11.74
000014 348.00 208.00 21.00 17.92
000014 339.00 193.00 21.00 17.63
000014 689.00 153.00 12.00 31.31
000014 690.00 179.00 12.00 31.39
000014 46.00 24.00 18.00 20.92
000014 406.00 130.00 20.00 18.62
000014 70.00 126.00 18.00 20.51
000014 1145.00 302.00 65.00 5.80
000014 973.00 70.00 35.00 10.80
000014 32.00 92.00 17.00 21.71
000014 79.00 184.00 52.00 7.16
000014 689.00 153.00 12.00 31.31
000014 659.00 297.00 40.00 9.34
000014 79.00 184.00 52.00 7.16
000014 264.00 167.00 22.00 17.17
000014 293.00 125.00 22.00 16.71
000014 77.00 190.00 53.00 7.14
000014 476.00 111.00 18.00 20.37
000014 955.00 332.00 56.00 6.65
000014 311.00 182.00 22.00 16.61
000014 690.00 166.00 12.00 31.32
000014 279.00 171.00 22.00 16.98
000014 398.00 206.00 19.00 19.47
000014 278.00 181.00 21.00 17.83
000014 372.00 126.00 20.00 18.06
000014 440.00 4.00 21.00 17.32
000014 678.00 328.00 50.00 7.48
000014 209.00 254.00 25.00 14.74
000014 201.00 283.00 36.00 10.47
000014 973.00 70.00 35.00 10.80
000014 375.00 208.00 20.00 18.54
000014 272.00 123.00 23.00 16.08
000014 333.00 107.00 20.00 18.08
000014 310.00 122.00 22.00 16.79
000014 492.00 36.00 14.00 26.83
000014 689.00 187.00 11.00 31.58
000014 50.00 104.00 18.00 20.58
000014 122.00 112.00 16.00 23.56
000014 478.00 164.00 17.00 21.25
000014 478.00 164.00 17.00 21.25
000014 440.00 44.00 21.00 17.52
000014 1155.00 305.00 65.00 5.83
000014 743.00 291.00 39.00 9.59
000014 549.00 209.00 12.00 29.59
000014 727.00 297.00 40.00 9.33
000014 394.00 10.00 22.00 17.03
000014 894.00 291.00 43.00 8.74
000014 68.00 134.00 18.00 20.55
000014 573.00 48.00 7.00 50.87
000014 1164.00 339.00 65.00 5.76
000014 303.00 139.00 23.00 16.34
000014 608.00 292.00 38.00 9.96
000014 99.00 211.00 51.00 7.38
000014 66.00 120.00 18.00 20.81
000014 608.00 292.00 38.00 9.96
000014 102.00 205.00 51.00 7.36
000014 184.00 290.00 37.00 10.05
000014 272.00 123.00 23.00 16.08
000014 321.00 183.00 22.00 16.98
000014 646.00 296.00 40.00 9.33
000014 758.00 263.00 30.00 12.31
000014 368.00 124.00 20.00 18.42
000014 548.00 159.00 7.00 51.41
000014 223.00 252.00 25.00 14.68
000014 731.00 291.00 39.00 9.54
000014 248.00 129.00 22.00 16.88
000014 87.00 358.00 61.00 6.15
000014 684.00 196.00 12.00 30.80
000014 399.00 229.00 19.00 19.87
000014 637.00 84.00 8.00 45.69
000014 270.00 20.00 22.00 16.50
000014 730.00 252.00 27.00 13.79
000014 376.00 49.00 21.00 17.80
000014 343.00 112.00 20.00 18.14
000014 875.00 31.00 36.00 10.41
000014 428.00 25.00 21.00 17.41
000014 296.00 123.00 22.00 17.06
000014 856.00 245.00 28.00 13.41
000014 506.00 211.00 13.00 27.58
000014 179.00 130.00 15.00 24.48
000014 396.00 6.00 22.00 17.08
000014 510.00 183.00 7.00 48.08
000014 275.00 166.00 21.00 17.64
000014 550.00 202.00 12.00 29.33
000014 732.00 241.00 23.00 15.98
000014 49.00 59.00 18.00 21.01
000014 289.00 6.00 23.00 16.11
000014 624.00 305.00 42.00 8.90
000014 123.00 116.00 15.00 24.34
000014 657.00 36.00 8.00 43.92
000014 300.00 180.00 23.00 16.06
000014 29.00 120.00 18.00 20.06
000014 756.00 322.00 48.00 7.81
000014 482.00 38.00 13.00 27.09
000014 364.00 25.00 23.00 16.35
000014 170.00 302.00 41.00 9.17
000014 735.00 296.00 40.00 9.24
000014 48.00 113.00 18.00 20.81
000014 422.00 19.00 21.00 17.64
000014 696.00 186.00 11.00 31.76
000014 281.00 90.00 22.00 16.54
000014 629.00 109.00 7.00 49.15
000014 306.00 88.00 22.00 16.88
000014 326.00 31.00 22.00 16.77
000014 696.00 162.00 11.00 31.86
000014 349.00 71.00 20.00 18.16
000014 802.00 275.00 36.00 10.45
000014 24.00 85.00 17.00 21.36
000014 400.00 53.00 21.00 17.71
000014 344.00 11.00 23.00 16.06
000014 166.00 298.00 40.00 9.28
000014 477.00 101.00 17.00 21.22
000014 166.00 298.00 40.00 9.28
000014 735.00 296.00 40.00 9.24
000014 350.00 156.00 20.00 18.14
000014 868.00 39.00 36.00 10.25
000014 485.00 59.00 13.00 28.19
000014 401.00 7.00 22.00 17.12
000014 670.00 211.00 24.00 15.16
000014 279.00 189.00 21.00 17.46
000014 369.00 120.00 20.00 18.54
000014 270.00 20.00 22.00 16.50
000014 384.00 132.00 21.00 17.94
000014 405.00 4.00 21.00 17.50
000014 573.00 48.00 7.00 50.87
000014 308.00 67.00 23.00 16.37
000014 332.00 141.00 21.00 17.56
000014 382.00 204.00 19.00 19.06
000014 669.00 302.00 42.00 8.84
000014 660.00 65.00 8.00 43.46
000014 519.00 206.00 12.00 30.29
000014 654.00 243.00 23.00 15.92
000014 388.00 117.00 21.00 17.71
000014 198.00 110.00 22.00 17.03
000014 238.00 179.00 21.00 17.71
000014 313.00 118.00 21.00 17.66
000014 897.00 349.00 61.00 6.16
000014 363.00 208.00 20.00 18.11
000014 229.00 46.00 22.00 17.10
000014 618.00 293.00 39.00 9.61
000014 844.00 285.00 39.00 9.52
000014 675.00 10.00 8.00 43.03
000014 764.00 330.00 51.00 7.33
000014 238.00 179.00 21.00 17.71
000014 822.00 292.00 42.00 8.99
000014 104.00 54.00 15.00 24.42
000014 324.00 126.00 22.00 17.18
000014 772.00 16.00 32.00 11.77
000014 302.00 61.00 23.00 16.16
000014 67.00 253.00 52.00 7.25
000014 752.00 169.00 8.00 45.47
000014 875.00 31.00 36.00 10.41
000014 881.00 290.00 41.00 9.08
000014 752.00 169.00 8.00 45.47
000014 477.00 101.00 17.00 21.22
000014 698.00 203.00 12.00 31.23
000014 126.00 102.00 16.00 22.31
000014 349.00 71.00 20.00 18.16
000014 533.00 168.00 10.00 37.70
000014 457.00 206.00 20.00 18.16
000014 46.00 24.00 18.00 20.92
000014 245.00 160.00 22.00 16.48
000014 312.00 86.00 20.00 18.22
000014 625.00 124.00 8.00 42.81
000014 356.00 174.00 20.00 18.10
000014 718.00 285.00 39.00 9.61
000014 352.00 139.00 21.00 17.71
000014 643.00 302.00 42.00 8.98
000014 261.00 11.00 24.00 15.76
000014 875.00 31.00 36.00 10.41
000014 242.00 134.00 22.00 16.89
000014 366.00 14.00 21.00 17.97
000014 341.00 18.00 23.00 16.04
000014 296.00 190.00 22.00 16.65
000014 24.00 73.00 17.00 21.80
000014 278.00 5.00 23.00 16.02
000014 368.00 124.00 20.00 18.42
000014 547.00 199.00 12.00 29.38
000014 311.00 139.00 21.00 17.29
000014 193.00 287.00 36.00 10.36
000014 372.00 126.00 20.00 18.06
000014 1164.00 339.00 65.00 5.76
000014 644.00 116.00 8.00 43.89
000014 618.00 293.00 39.00 9.61
000014 281.00 28.00 23.00 16.08
000014 637.00 235.00 20.00 18.81
000014 392.00 117.00 20.00 18.17
000014 298.00 119.00 22.00 16.75
000014 624.00 113.00 8.00 44.44
000014 380.00 36.00 21.00 17.70
000014 56.00 104.00 18.00 20.66
000014 450.00 22.00 19.00 18.98
000014 513.00 206.00 12.00 31.19
000014 99.00 233.00 51.00 7.29
000014 604.00 293.00 39.00 9.58
000014 671.00 40.00 8.00 44.33
000014 548.00 159.00 7.00 51.41
000014 425.00 32.00 22.00 16.94
000014 245.00 18.00 23.00 15.83
000014 243.00 158.00 22.00 16.88
000014 86.00 201.00 52.00 7.23
000014 681.00 160.00 11.00 32.11
000014 32.00 117.00 18.00 20.36
000014 314.00 78.00 21.00 17.91
000014 50.00 79.00 17.00 21.70
000014 348.00 13.00 23.00 16.34
000014 777.00 354.00 59.00 6.32
000014 439.00 84.00 13.00 28.35
000014 953.00 3.00 37.00 10.06
000014 658.00 78.00 8.00 45.61
000014 382.00 117.00 20.00 18.07
000014 881.00 290.00 41.00 9.08
000014 102.00 205.00 51.00 7.36
000014 190.00 146.00 16.00 23.30
000014 634.00 199.00 9.00 38.61
000014 31.00 98.00 18.00 20.44
000014 527.00 185.00 11.00 34.32
000014 154.00 50.00 14.00 25.49
000014 499.00 211.00 15.00 24.29
000014 184.00 91.00 22.00 16.63
000014 675.00 10.00 8.00 43.03
000014 264.00 15.00 23.00 15.90
000014 337.00 60.00 18.00 20.25
000014 303.00 121.00 22.00 16.83
000014 670.00 29.00 8.00 47.08
000014 81.00 323.00 52.00 7.23
000014 851.00 363.00 63.00 5.95
000014 439.00 84.00 13.00 28.35
000014 977.00 6.00 37.00 10.07
000014 547.00 183.00 12.00 29.77
000014 591.00 45.00 8.00 45.96
000014 362.00 42.00 22.00 16.72
000014 457.00 206.00 20.00 18.16
000014 781.00 275.00 34.00 10.87
000014 42.00 78.00 17.00 21.55
000014 671.00 40.00 8.00 44.33
000014 84.00 84.00 17.00 22.26
000014 345.00 38.00 23.00 16.05
000014 477.00 116.00 17.00 21.22
000014 154.00 50.00 14.00 25.49
000014 229.00 46.00 22.00 17.10
000014 669.00 302.00 42.00 8.84
000014 70.00 126.00 18.00 20.51
000014 503.00 206.00 13.00 27.44
000014 454.00 210.00 21.00 17.73
000014 338.00 109.00 20.00 18.30
000014 875.00 261.00 35.00 10.78
000014 345.00 38.00 23.00 16.05
000014 492.00 64.00 13.00 27.72
000014 675.00 36.00 7.00 48.67
000014 299.00 74.00 23.00 15.83
000014 232.00 160.00 24.00 15.62
000014 244.00 138.00 23.00 16.43
000014 59.00 29.00 18.00 20.62
000014 491.00 203.00 15.00 24.17
000014 495.00 206.00 15.00 24.82
000014 47.00 45.00 16.00 23.19
000014 394.00 134.00 19.00 19.36
000014 370.00 193.00 19.00 19.18
000014 292.00 165.00 22.00 16.75
000014 355.00 111.00 20.00 18.46
000014 248.00 22.00 23.00 15.86
000014 543.00 184.00 12.00 30.11
000014 655.00 151.00 8.00 42.15
000014 796.00 246.00 26.00 14.11
000014 135.00 142.00 16.00 22.44
000014 631.00 55.00 8.00 44.31
000014 550.00 182.00 11.00 32.87
000014 431.00 22.00 21.00 17.69
000014 596.00 15.00 6.00 57.45
000014 313.00 175.00 22.00 16.79
000014 530.00 182.00 10.00 36.05
000014 36.00 115.00 19.00 19.27
000014 943.00 18.00 40.00 9.34
000014 48.00 88.00 17.00 21.94
000014 680.00 36.00 9.00 39.76
000014 42.00 78.00 17.00 21.55
000014 530.00 182.00 10.00 36.05
000014 338.00 6.00 23.00 15.88
000014 215.00 176.00 15.00 24.04
000014 664.00 312.00 34.00 10.87
000014 67.00 338.00 55.00 6.88
000014 217.00 161.00 22.00 16.56
000014 680.00 36.00 9.00 39.76
000014 950.00 14.00 39.00 9.48
000014 391.00 6.00 22.00 17.05
000014 247.00 146.00 22.00 16.89
000014 225.00 132.00 22.00 16.56
000014 306.00 189.00 23.00 16.33
000014 634.00 31.00 8.00 46.09
000014 199.00 94.00 23.00 16.17
000014 325.00 9.00 23.00 15.89
000014 526.00 177.00 11.00 33.89
000014 218.00 72.00 20.00 18.04
000014 272.00 121.00 23.00 15.95
000014 62.00 101.00 18.00 20.93
000014 497.00 203.00 14.00 25.70
000014 511.00 204.00 14.00 26.34
000014 289.00 144.00 22.00 16.49
000014 316.00 17.00 22.00 16.68
000014 710.00 158.00 8.00 46.61
000014 941.00 3.00 38.00 9.83
000014 411.00 26.00 21.00 17.82
000014 657.00 147.00 9.00 39.11
000014 512.00 213.00 13.00 27.90
000014 270.00 7.00 23.00 16.03
000014 957.00 12.00 40.00 9.41
000014 955.00 8.00 39.00 9.61
000014 941.00 3.00 38.00 9.83
000014 956.00 19.00 39.00 9.61
000014 307.00 55.00 22.00 16.86
000014 72.00 70.00 17.00 21.31
000014 270.00 7.00 25.00 15.14
000014 513.00 200.00 12.00 30.39
000014 491.00 210.00 17.00 22.22
000014 261.00 3.00 23.00 16.41
000014 288.00 150.00 22.00 16.99
000014 519.00 200.00 11.00 33.28
000014 241.00 35.00 21.00 17.73
000014 243.00 7.00 23.00 16.04
000014 539.00 187.00 13.00 29.05
000015 284.00 52.00 38.00 9.87
000015 179.00 61.00 37.00 10.14
000015 279.00 105.00 39.00 9.84
000015 265.00 54.00 38.00 9.92
000015 289.00 105.00 39.00 9.78
000015 675.00 103.00 3.00 115.56
000015 247.00 54.00 38.00 9.95
000015 695.00 175.00 4.00 92.24
000015 177.00 349.00 59.00 6.42
000015 452.00 116.00 37.00 10.24
000015 438.00 116.00 40.00 9.57
000015 247.00 54.00 38.00 9.95
000015 694.00 58.00 8.00 45.05
000015 695.00 175.00 4.00 92.24
000015 728.00 79.00 5.00 73.39
000015 438.00 116.00 40.00 9.57
000015 702.00 167.00 4.00 90.35
000015 452.00 119.00 37.00 10.14
000015 702.00 167.00 4.00 90.35
000015 747.00 76.00 5.00 65.74
000015 717.00 164.00 4.00 78.91
000015 795.00 115.00 10.00 37.33
000015 602.00 325.00 48.00 8.01
000015 857.00 5.00 8.00 45.43
000015 270.00 54.00 38.00 9.93
000015 951.00 94.00 38.00 10.04
000015 259.00 106.00 38.00 9.89
000015 742.00 79.00 5.00 66.36
000015 694.00 58.00 8.00 45.05
000015 602.00 325.00 48.00 8.01
000015 284.00 58.00 39.00 9.82
000015 795.00 115.00 10.00 37.33
000015 277.00 63.00 39.00 9.82
000015 460.00 121.00 36.00 10.41
000015 243.00 53.00 38.00 9.93
000015 143.00 37.00 37.00 10.29
000015 1062.00 55.00 32.00 11.96
000015 182.00 57.00 37.00 10.12
000015 221.00 264.00 32.00 11.73
000015 666.00 324.00 46.00 8.22
000015 743.00 75.00 5.00 67.16
000015 282.00 111.00 38.00 9.98
000015 206.00 52.00 38.00 10.09
000015 798.00 109.00 10.00 36.46
000015 666.00 324.00 46.00 8.22
000015 438.00 119.00 39.00 9.66
000015 690.00 111.00 3.00 110.52
000015 710.00 159.00 5.00 73.90
000015 794.00 47.00 8.00 46.76
000015 225.00 50.00 38.00 10.00
000015 418.00 113.00 40.00 9.52
000015 418.00 113.00 40.00 9.52
000015 764.00 42.00 4.00 81.70
000015 171.00 62.00 37.00 10.23
000015 712.00 98.00 4.00 80.85
000015 274.00 111.00 38.00 10.01
000015 422.00 232.00 27.00 14.10
000015 173.00 67.00 38.00 10.05
000015 720.00 78.00 4.00 91.05
000015 178.00 67.00 37.00 10.19
000015 158.00 57.00 37.00 10.19
000015 452.00 119.00 37.00 10.14
000015 441.00 117.00 39.00 9.72
000015 143.00 37.00 37.00 10.29
000015 206.00 52.00 38.00 10.09
000015 674.00 150.00 3.00 104.93
000015 661.00 97.00 1.00 233.87
000015 469.00 145.00 34.00 10.99
000015 725.00 163.00 5.00 69.71
000015 321.00 113.00 39.00 9.72
000015 617.00 99.00 9.00 41.19
000015 711.00 121.00 4.00 78.99
000015 441.00 117.00 39.00 9.72
000015 758.00 104.00 6.00 56.09
000015 995.00 18.00 22.00 17.33
000015 697.00 103.00 4.00 85.13
000015 791.00 124.00 10.00 38.21
000015 676.00 114.00 3.00 117.52
000015 798.00 130.00 10.00 38.04
000015 394.00 233.00 27.00 13.85
000015 928.00 230.00 29.00 13.01
000015 569.00 71.00 20.00 18.96
000015 806.00 44.00 8.00 44.47
000015 715.00 159.00 3.00 100.64
000015 606.00 101.00 8.00 47.65
000015 937.00 79.00 5.00 68.89
000015 792.00 132.00 9.00 41.01
000015 436.00 110.00 40.00 9.57
000015 853.00 10.00 8.00 44.54
000015 266.00 63.00 38.00 9.94
000015 798.00 130.00 10.00 38.04
000015 794.00 47.00 8.00 46.76
000015 822.00 43.00 10.00 37.22
000015 202.00 54.00 38.00 10.05
000015 264.00 49.00 39.00 9.84
000015 200.00 51.00 38.00 10.07
000015 101.00 93.00 33.00 11.64
000015 665.00 96.00 0.00 473.50
000015 171.00 87.00 39.00 9.81
000015 711.00 121.00 4.00 78.99
000015 223.00 105.00 8.00 44.07
000015 291.00 46.00 38.00 9.91
000015 675.00 160.00 3.00 109.86
000015 928.00 230.00 29.00 13.01
000015 498.00 113.00 29.00 12.97
000015 675.00 131.00 3.00 103.93
000015 792.00 132.00 9.00 41.01
000015 476.00 90.00 34.00 11.18
000015 278.00 80.00 39.00 9.85
000015 165.00 62.00 37.00 10.19
000015 666.00 168.00 2.00 131.32
000015 767.00 93.00 7.00 51.26
000015 996.00 43.00 22.00 17.23
000015 666.00 168.00 2.00 131.32
000015 778.00 143.00 8.00 45.13
000015 347.00 175.00 36.00 10.51
000015 372.00 241.00 34.00 11.13
000015 202.00 104.00 37.00 10.13
000015 390.00 237.00 29.00 12.98
000015 616.00 11.00 8.00 43.73
000015 225.00 50.00 38.00 10.00
000015 829.00 107.00 14.00 25.99
000015 424.00 191.00 27.00 14.12
000015 390.00 237.00 29.00 12.98
000015 835.00 20.00 7.00 52.90
000015 684.00 114.00 4.00 95.13
000015 768.00 60.00 6.00 56.74
000015 789.00 146.00 9.00 40.71
000015 492.00 118.00 27.00 13.74
000015 769.00 82.00 6.00 55.71
000015 737.00 157.00 6.00 62.50
000015 556.00 136.00 21.00 17.66
000015 806.00 44.00 8.00 44.47
000015 293.00 84.00 39.00 9.79
000015 1052.00 65.00 30.00 12.62
000015 614.00 40.00 7.00 48.86
000015 653.00 175.00 3.00 122.33
000015 182.00 110.00 37.00 10.12
000015 200.00 51.00 38.00 10.07
000015 712.00 90.00 5.00 65.44
000015 336.00 89.00 35.00 10.84
000015 830.00 20.00 6.00 58.77
000015 212.00 62.00 38.00 10.06
000015 454.00 138.00 37.00 10.21
000015 800.00 58.00 10.00 36.47
000015 435.00 90.00 40.00 9.56
000015 830.00 20.00 6.00 58.77
000015 678.00 164.00 3.00 118.06
000015 798.00 142.00 10.00 36.88
000015 109.00 79.00 34.00 11.29
000015 124.00 80.00 35.00 10.73
000015 223.00 105.00 31.00 12.30
000015 625.00 164.00 0.00 734.07
000015 798.00 142.00 10.00 36.88
000015 529.00 216.00 16.00 22.78
000015 237.00 53.00 38.00 10.06
000015 646.00 129.00 2.00 134.76
000015 557.00 116.00 21.00 17.67
000015 676.00 169.00 3.00 122.19
000015 449.00 123.00 38.00 10.08
000015 793.00 56.00 10.00 36.81
000015 126.00 87.00 33.00 11.33
000015 320.00 122.00 39.00 9.72
000015 1089.00 57.00 32.00 11.83
000015 625.00 195.00 9.00 40.53
000015 427.00 236.00 27.00 13.80
000015 740.00 156.00 5.00 67.62
000015 778.00 153.00 8.00 45.24
000015 773.00 78.00 8.00 45.92
000015 679.00 186.00 5.00 68.71
000015 149.00 103.00 37.00 10.23
000015 1093.00 18.00 33.00 11.55
000015 132.00 94.00 33.00 11.45
000015 545.00 109.00 23.00 16.19
000015 680.00 173.00 3.00 110.16
000015 688.00 189.00 4.00 86.71
000015 122.00 94.00 35.00 10.79
000015 427.00 236.00 27.00 13.80
000015 676.00 136.00 3.00 114.89
000015 808.00 32.00 8.00 45.05
000015 788.00 48.00 8.00 47.78
000015 801.00 49.00 9.00 39.69
000015 435.00 90.00 40.00 9.56
000015 807.00 50.00 9.00 40.37
000015 854.00 131.00 13.00 27.77
000015 713.00 84.00 4.00 93.90
000015 787.00 55.00 8.00 43.61
000015 912.00 214.00 25.00 15.29
000015 856.00 127.00 14.00 27.16
000015 912.00 214.00 25.00 15.29
000015 665.00 134.00 2.00 132.81
000015 635.00 165.00 1.00 346.76
000015 775.00 158.00 7.00 48.70
000015 703.00 159.00 5.00 68.62
000015 329.00 94.00 35.00 10.79
000015 802.00 53.00 11.00 33.96
000015 634.00 187.00 8.00 45.73
000015 594.00 50.00 14.00 25.96
000015 568.00 68.00 20.00 18.94
000015 138.00 80.00 35.00 10.87
000015 336.00 89.00 35.00 10.84
000015 167.00 76.00 38.00 9.97
000015 322.00 59.00 39.00 9.75
000015 819.00 147.00 10.00 36.32
000015 649.00 134.00 2.00 136.02
000015 696.00 95.00 4.00 90.92
000015 653.00 184.00 2.00 142.25
000015 520.00 77.00 26.00 14.32
000015 622.00 169.00 0.00 456.01
000015 772.00 62.00 6.00 58.02
000015 594.00 50.00 14.00 25.96
000015 270.00 63.00 38.00 9.86
000015 649.00 134.00 2.00 136.02
000015 671.00 173.00 2.00 143.67
000015 596.00 151.00 15.00 25.16
000015 796.00 53.00 10.00 35.83
000015 815.00 142.00 10.00 37.25
000015 815.00 142.00 10.00 37.25
000015 643.00 131.00 3.00 124.60
000015 617.00 16.00 9.00 40.99
000015 126.00 84.00 33.00 11.38
000015 645.00 157.00 1.00 236.00
000015 297.00 104.00 39.00 9.76
000015 625.00 178.00 9.00 39.07
000015 532.00 187.00 17.00 22.39
000015 171.00 139.00 38.00 10.00
000015 476.00 193.00 29.00 13.16
000015 913.00 57.00 14.00 26.54
000015 631.00 147.00 2.00 141.25
000015 456.00 128.00 37.00 10.31
000015 639.00 141.00 3.00 98.37
000015 107.00 84.00 33.00 11.59
000015 496.00 15.00 21.00 17.64
